15
8 6 7 7 6 7 6 7 9 10 7 7 8 9 6 
6 8 2 9 4 8 10 1 2 9 9 6 8 9 10 
7 2 2 5 2 10 10 5 5 3 7 1 2 3 5 
7 9 5 7 1 1 6 6 6 4 3 9 8 3 8 
6 4 2 1 6 10 6 1 3 9 7 5 5 4 3 
7 8 10 1 10 1 7 2 8 4 7 8 10 7 2 
6 10 10 6 6 7 9 1 1 1 7 9 1 10 10 
7 1 5 6 1 2 1 8 5 8 4 2 10 7 9 
9 2 5 6 3 8 1 5 6 2 1 1 2 4 7 
10 9 3 4 9 4 1 8 2 6 1 2 2 5 5 
7 9 7 3 7 7 7 4 1 1 5 6 6 4 8 
7 6 1 9 5 8 9 2 1 2 6 1 7 1 7 
8 8 2 8 5 10 1 10 2 2 6 7 2 6 3 
9 9 3 3 4 7 10 7 4 5 4 1 6 2 5 
6 10 5 8 3 2 10 9 7 5 8 7 3 5 2 
0.001
4
1
5
10
100
